[Filter]
DistortionRate=0.50
DistortionPoint          =1400
VoiceNonlinearity        =0.96
DistortionCFThreshold    =2.5e-4
Type3BaseResistance      =1299501.5675945764
Type3Offset              =284015710.29875594
Type3Steepness           =1.0065089724604026
Type3MinimumFETResistance=18741.324073610594

