[Filter]
DistortionRate=0.50
DistortionPoint          =-5.0e-7
VoiceNonlinearity        =0.96
DistortionCFThreshold=3.0e-4
Type3BaseResistance      =1791818.499169074
Type3Offset              =35564657.77812113
Type3Steepness           =1.0051916772894813
Type3MinimumFETResistance=16797.553721476484

