[Filter]
DistortionRate=0.50
DistortionPoint          =1600
VoiceNonlinearity        =0.96
DistortionCFThreshold    =2.5e-4
Type3BaseResistance      =1791818.499169074
Type3Offset              =35564657.77812113
Type3Steepness           =1.0051916772894813
Type3MinimumFETResistance=16797.553721476484

