[Filter]
DistortionRate=0.50
DistortionPoint          =-5.0e-7
VoiceNonlinearity        =0.96
DistortionCFThreshold=3.0e-4
Type3BaseResistance      =1299501.5675945764
Type3Offset              =284015710.29875594
Type3Steepness           =1.0065089724604026
Type3MinimumFETResistance=18741.324073610594

