[Filter]
DistortionRate=0.50
DistortionPoint=3.3e6
VoiceNonlinearity        =0.96
DistortionCFThreshold=3.0e-4
Type3BaseResistance      =1141069.9277645703
Type3Offset              =276016753.85303545
Type3Steepness           =1.0066634233403395
Type3MinimumFETResistance=16402.86712485317

