[Filter]
DistortionRate=0.50
DistortionPoint=-2.0e-7
VoiceNonlinearity        =0.96
DistortionCFThreshold=3.0e-4
Type3BaseResistance=1613349.4942964897
Type3Offset=67122945.35403329
Type3Steepness=1.005727808339829
Type3MinimumFETResistance=15462.006399118263

