[Filter]
DistortionRate=0.50
DistortionPoint=-2.0e-7
VoiceNonlinearity        =0.96
DistortionCFThreshold=3.0e-4
DistortionCFThreshold=3.0E-4
Type3BaseResistance=1522171.922983084
Type3Offset=21729926.667291082
Type3Steepness=1.004994802537475
Type3MinimumFETResistance=14299.149638099827

