[Filter]
DistortionRate=0.50
DistortionPoint          =-5.0e-7
VoiceNonlinearity        =0.96
DistortionCFThreshold=3.0e-4
Type3BaseResistance      =1326141.6346824165
Type3Offset              =2059653512.4261823
Type3Steepness           =1.0055788469632323
Type3MinimumFETResistance=7591.487542582334

