[Filter]
DistortionRate=0.50
DistortionPoint          =2300
VoiceNonlinearity        =0.96
DistortionCFThreshold    =20e-5
Type3BaseResistance      =1319746.6334817847
Type3Offset              =325484805.5228794
Type3Steepness           =1.0049967859070095
Type3MinimumFETResistance=8865.676531378584

