[Filter]
DistortionRate=0.50
DistortionPoint=-2.0e-7
VoiceNonlinearity        =0.96
DistortionCFThreshold=3.0e-4
Type3BaseResistance      =1319746.6334817847
Type3Offset              =325484805.5228794
Type3Steepness           =1.0049967859070095
Type3MinimumFETResistance=8865.676531378584

