[Filter]
DistortionRate=0.55
DistortionPoint          =1900
VoiceNonlinearity        =0.96
DistortionCFThreshold    =2.5e-4
Type3BaseResistance      =1646009.8408527481
Type3Offset              =30099093.879106432
Type3Steepness           =1.0054673476018452
Type3MinimumFETResistance=14227.912103009101

