[Filter]
DistortionRate=0.50
DistortionPoint          =1600
VoiceNonlinearity        =0.96
DistortionCFThreshold    =20e-5
Type3BaseResistance      =840577.4520801408
Type3Offset              =1909158.8633669745
Type3Steepness           =1.0068865662510837
Type3MinimumFETResistance=14858.140079688419

